731659608.2265503 
78794.24444886671 
0.16861571300966693 
0.5008669543131274 
52.87017471052541 
108.07226632071175 
-0.46469628154410364 
0.1494165830862079 
2950531117.327667 
3496.0917643936027 
-0.22664220488928782 
0.8712400986796094 
0.9361177678672407 
173.91490061852565 
-0.06943836364514887 
0.9342500547513526 
1289356838.09933 
118.41395990869967 
0.008597086606130622 
0.1624249521945948 
36.149566803676606 
4209.367225223248 
0.4850149966221655 
0.6315018571119881 
238898003.43223193 
1249.8344797813797 
0.9583083647723998 
0.9993221652221386 
2984556408.9943285 
3384914991.2298393 
-0.5598251922647092 
0.3190290358455314 
4988015145.462323 
658638.2444194036 
0.3559872102860765 
0.6793281574212604 
17386.904235693353 
24178.202065592657 
-0.3724536949882996 
0.4417646477218748 
662162359.086542 
4899229840.896017 
-0.6507253373194698 
0.33616654580908234 
4980839736.321778 
2433.850673630862 
-0.26967455572503957 
0.8423305486851067 
291228424.4813745 
720887968.7338889 
-0.2905779971498819 
0.6532995057437077 
126977165.88902472 
2589.227861792704 
0.7150934731845375 
0.49649030326056254 
107095436.90473305 
4562123121.030809 
0.6511576809239434 
0.47703139091837343 
469952305.8027879 
12.016626391821678 
-0.0967394427273518 
0.8788107701520891 
4777.972346367912 
994.7832387918091 
-0.4038901265758081 
0.014383760531795674 
0.11750717319621688 
0.8796677718647032 
-0.829530947745123 
0.3306069290861617 
840.3924381352509 
971.5427140121601 
-0.47042468484666194 
0.2273503494215105 
17.323650892776094 
1.0479886990006988 
-0.2974895718489742 
0.9990677929511343
