760677582.5302367 
96058.17772864964 
0.5672517318101049 
0.5 
254.3091113811927 
1335.1687600890727 
-0.7969912958959019 
0.021106547445597534 
4895507155.780722 
2332.915556648012 
0.261414789999055 
0.5 
0.6016071258016908 
836.9887297579008 
-0.49115435408485203 
0.6344843441009665 
147371667.12345457 
8504.880254730873 
-0.9475163366079169 
0.04055736115511417 
1909.2449424681345 
1426.8305578415852 
0.061057733818045454 
0.6950968982027994 
121733268.28009559 
1000.0 
-0.08946730689396962 
0.0036037934661067 
516431581.47858655 
2151765510.1340384 
0.05599263503451402 
0.5 
4484312439.174452 
135908.7570825637 
0.27601230910786145 
0.5546679730157009 
1000.0 
1000.0 
-0.23524678766772944 
0.5 
1000.0 
1000.0 
-0.2860516911798743 
0.5 
3782018873.165045 
218261.88347625514 
-0.9983212401200617 
0.6477999221147986 
1126160615.9738755 
893222584.6223168 
0.5630801034365419 
0.5 
1857231729.2779198 
1000.0 
-0.4663640427965329 
0.5 
6270316.243731831 
5619289.166175489 
-0.16469872935904595 
0.5 
2474348905.1411963 
622811.8314965542 
-0.23576138124350113 
0.5 
116631695.01716824 
3202681276.568205 
-0.31099280370857746 
0.7557187881028276 
0.8943201713461358 
7.098997937764758 
-0.21877095483603914 
0.7205968302605726 
9089.323887176957 
1281.793106071942 
-0.9611473067404335 
0.5856975398778355 
8532.756548879603 
5248.285056720285 
-0.19858744786387283 
0.4161532259335085
